159869
159366
515170
159559
516560
159839
562860
515630
516600
159666
159208
512290
517770
512120
159993
159883
515950
516100
512770
159728
561360
560080
515980
512670
516810
512710
560260
159392
516750
515100
159616
510810
562360
517800
563000
159207
588780
159807
588760
159336
516520
159582
515750
159930
159872
560170
159335
562920
516700
563060
560780
159870
159886
515580
510160
560800
159731
159590
159939
560810
159546
512580
515220
159875
515260
516970
516390
159959
515900
515210
588710
512760
159778
159528
516800
588100
588890
516330
588910
589180
159801
159540
159998
159625
159761
561560
562550
560980
560550
159326
159944
510410
513290
513310
159713
159608
560860
561330
159876
159562
159792
159567
159227
159742